01011100101101000111100101100111010011100101011010011100010110100101110010110100101101000101101100011110001110111101001011
10100111001011110001010100101101011100100101011110010101001101011010011100010111001001101101001011100101001011101001110101
00111010110100101110010101101001110010110100101111001010100110101101001110010110100101110010110100101101001110010110101001
11001011101001011010011100101101001011110010100110101101001110010110100101110010110100101101001110010110100101110010110100
01101001110010110100101111001010100110101101001110010110100101110010110100101101001110010110100101110010110100101111001010
10011010110100111001011010010111001011010010110100111001011010010111001011010010110100111001011010010111001011010010110100
11100101101001011110010100110101101001110010110100101111001010100110101101001110010110100101110010110100101101001110010110
10010111001011010010110100111001011010010111001011010010110100111001011010010111001011010010110100111001011010010111001011
01001011110010100110101101001110010110100101110010110100101101001110010110100101110010110100101101001110010110100101111001
01001011101001011010011100101101001011110010100110101101001110010110100101110010110100101101001110010110100101110010110100
10110100111001011010010111001011010010110100111001011010010111001011010010110100111001011010010111001011010010110100111001
01101001011110010100110101101001110010110100101111001010100110101101001110010110100101110010110100101101001110010110100101
11001011010010110100111001011010010111001011010010110100111001011010010111001011010010110100111001011010010111001011010010
11110010100110101101001110010110100101110010110100101101001110010110100101110010110100101101001110010110100101110010100110
10110100111001011010010111001011010010110100111001011010010111001011010010110100111001011010010111001011010010110100111001
01101001011100101101001011110010100110101101001110010110100101110010110100101101001110010110100101110010110100101101001110
01011010010111001011010010110100111001011010010111001011010010110100111001011010010111001011010010110100111001011010010111
00101101001011110010100110101101001110010110100101110010110100101101001110010110100101110010110100101101001110010110100101
11001011010010110100111001011010010111001011010010110100111001011010010111001011010010110100111001011010010111001011010010
11110010100110101101001110010110100101110010110100101101001110010110100101110010110100101101001110010110100101110010100110
10110100111001011010010111001011010010110100111001011010010111001011010010110100111001011010010111001011010010110100111001
01101001011100101101001011110010100110101101001110010110100101110010110100101101001110010110100101110010110100101101001110
01011010010111001011010010110100111001011010010111001011010010110100111001011010010111001011010010110100111001011010010111
00101101001011110010100110101101001110010110100101110010110100101101001110010110100101110010110100101101001110010110100101
11001011010010110100111001011010010111001011010010110100111001011010010111001011010010110100111001011010010111001011010010
11110010100110101101001110010110100101110010110100101101001110010110100101110010110100101101001110010110100101110010100110
10110100111001011010010111001011010010110100111001011010010111001011010010110100111001011010010111001011010010110100111001
01101001011100101101001011110010100110101101001110010110100101110010110100101101001110010110100101110010110100101101001110
01011010010111001011010010110100111001011010010111001011010010110100111001011010010111001011010010110100111001011010010111
00101101001011110010100110101101001110010110100101110010110100101101001110010110100101110010110100101101001110010110100101
11001011010010110100111001011010010111001011010010110100111001011010010111001011010010110100111001011010010111001011010010
11110010100110101101001110010110100101110010110100101101001110010110100101110010110100101101001110010110100101110010100110
10110100111001011010010111001011010010110100111001011010010111001011010010110100111001011010010111001011010010110100111001
01101001011100101101001011110010100110101101001110010110100101110010110100101101001110010110100101110010110100101101001110
01011010010111001011010010110100111001011010010111001011010010110100111001011010010111001011010010110100111001011010010111
00101101001011110010100110101101001110010110100101110010110100101101001110010110100101110010110100101101001110010110100101
11001011010010110100111001011010010111001011010010110100111001011010010111001011010010110100111001011010010111001011010010
11110010100110101101001110010110100101110010110100101101001110010110100101110010110100101101001110010110100101110010100110
10110100111001011010010111001011010010110100111001011010010111001011010010110100111001011010010111001011010010110100111001
01101001011100101101001011110010100110101101001110010110100101110010110100101101001110010110100101110010110100101101001110
01011010010111001011010010110100111001011010010111001011010010110100111001011010010111001011010010110100111001011010010111
00101101001011110010100110101101001110010110100101110010110100101101001110010110100101110010110100101101001110010110100101
11001011010010110100111001011010010111001011010010110100111001011010010111001011010010110100111001011010010111001011010010
11110010100110101101001110010110100101110010110100101101001110010110100101110010110100101101001110010110100101110010100110
10110100111001011010010111001011010010110100111001011010010111001011010010110100111001011010010111001011010010110100111001
01101001011100101101001011110010100110101101001110010110100101110010110100101101001110010110100101110010110100101101001110
01011010010111001011010010110100111001011010010111001011010010110100111001011010010111001011010010110100111001011010010111
00101101001011110010100110101101001110010110100101110010110100101101001110010110100101110010110100101101001110010110100101
11001011010010110100111001011010010111001011010010110100111001011010010111001011010010110100111001011010010111001011010010
11110010100110101101001110010110100101110010110100101101001110010110100101110010110100101101001110010110100101110010100110
10110100111001011010010111001011010010110100111001011010010111001011010010110100111001011010010111001011010010110100111001
01101001011100101101001011110010100110101101001110010110100101110010110100101101001110010110100101110010110100101101001110
01011010010111001011010010110100111001011010010111001011010010110100111001011010010111001011010010110100111001011010010111
00101101001011110010100110101101001110010110100101110010110100101101001110010110100101110010110100101101001110010110100101
11001011010010110100111001011010010111001011010010110100111001011010010111001011010010110100111001011010010111001011010010
11110010100110101101001110010110100101110010110100101101001110010110100101110010110100101101001110010110100101110010100110
10110100111001011010010111001011010010110100111001011010010111001011010010110100111001011010010111001011010010110100111001
01101001011100101101001011110010100110101101001110010110100101110010110100101101001110010110100101110010110100101101001110
01011010010111001011010010110100111001011010010111001011010010110100111001011010010111001011010010110100111001011010010111
00101101001011110010100110101101001110010110100101110010110100101101001110010110100101110010110100101101001110010110100101
11001011010010110100111001011010010111001011010010110100111001011010010111001011010010110100111001011010010111001011010010
11110010100110101101001110010110100101110010110100101101001110010110100101110010110100101101001110010110100101110010100110
10110100111001011010010111001011010010110100111001011010010111001011010010110100111001011010010111001011010010110100111001
01101001011100101101001011110010100110101101001110010110100101110010110100101101001110010110100101110010110100101101001110
01011010010111001011010010110100111001011010010111001011010010110100111001011010010111001011010010110100111001011010010111
00101101001011110010100110101101001110010110100101110010110100101101001110010110100101110010110100101101001110010110100101
